0,573
376,106
376,105
0,567
374,11
373,84
373,83
373,82
373,81
376,104
376,103
376,102
376,101
376,100
376,99
376,98
376,97
376,96
376,95
376,94
376,93
376,92
371,43
371,38
305,32
371,68
376,91
375,117
375,116
375,115
375,114
375,113
374,10
371,67
374,9
371,66
376,90
375,112
375,111
375,110
375,109
374,8
373,80
379,21
379,20
373,79
373,78
0,562
373,77
376,89
376,88
376,87
375,108
375,107
375,106
375,105
375,104
375,103
375,102
375,101
375,100
375,99
375,98
375,97
375,96
379,19
379,18
379,17
379,16
379,15
379,14
379,13
373,76
373,75
373,74
373,73
373,72
379,12
379,11
379,10
379,9
379,8
379,7
379,6
375,95
375,94
375,93
371,65
375,92
373,71
373,70
373,69
373,68
373,67
373,66
381,7
381,6
371,64
371,127
375,91
375,90
371,42
375,89
371,41
371,37
374,7
374,6
376,86
376,85
376,84
376,83
376,82
376,81
376,80
376,79
376,78
375,88
375,87
376,77
376,76
375,86
375,85
375,84
371,40
375,83
373,65
373,64
373,37
373,36
373,35
373,34
373,33
373,32
373,31
373,30
373,29
373,28
373,27
373,26
373,25
373,24
373,23
373,22
373,21
373,20
373,19
373,18
373,17
373,16
373,15
373,14
373,13
373,12
373,11
373,10
373,9
373,8
373,7
373,6
375,82
375,81
376,75
376,74
376,73
376,72
376,71
376,70
376,69
376,68
376,67
376,66
376,65
376,64
376,37
376,36
376,35
376,34
376,33
376,32
376,31
376,30
376,29
376,28
376,27
376,26
376,25
376,24
376,23
376,22
376,21
376,20
376,19
375,80
371,39
371,4
375,79
375,78
371,36
371,35
371,5
371,34
375,77
371,33
371,32
375,76
375,75
371,31
371,30
375,74
375,73
375,72
375,71
375,70
375,69
375,68
375,67
375,66
375,65
375,64
375,37
375,36
375,35
375,34
375,33
375,32
375,31
375,30
371,29
375,29
375,28
375,27
375,26
375,25
375,24
375,23
375,22
375,21
375,20
375,19
375,18
375,17
371,28
371,27
371,26
375,16
375,15
371,25
371,24
371,23
371,22
371,21
371,20
371,19
371,18
371,17
371,16
371,15
371,14
371,13
371,12
371,11
371,10
371,9
0,561
0,560
371,8
371,7
371,6
304,29
304,28
304,27
304,26
304,25
304,24
304,23
304,22
304,21
304,20
304,19
304,18
304,17
304,16
304,15
304,14
304,13
304,12
304,11
304,10
304,9
304,8
304,7
304,6
376,18
376,17
376,16
376,15
376,14
376,13
376,12
376,11
376,10
375,14
375,13
375,12
375,11
375,10
375,9
375,8
375,7
375,6
376,9
376,8
376,7
376,6
0,323
304,5
304,4
304,3
304,2
304,1
304,0
0,559
0,342
443,5
443,4
443,3
443,2
443,1
443,0
375,5
375,4
375,3
375,2
375,1
375,0
373,5
373,4
373,3
373,2
373,1
373,0
379,5
379,4
379,3
379,2
379,1
379,0
381,5
381,4
381,3
381,2
381,1
381,0
376,5
376,4
376,3
376,2
376,1
376,0
371,3
371,2
371,1
371,0
0,389
374,5
374,4
374,3
374,2
374,1
374,0
266,98
0,324
277,1
277,10
277,2
277,0
277,9
0,329
0,346
0,341
0,557
0,555
0,347
0,340
0,554
0,345
0,337
0,328
0,320
307,11
0,552
0,550
0,549
305,17
307,16
305,36
0,334
339,11
0,547
0,546
0,545
0,544
0,543
338,89
338,88
338,106
338,116
338,118
338,119
338,115
338,112
338,111
338,107
338,108
338,128
338,117
338,120
0,542
338,113
338,114
338,110
338,109
338,98
338,99
338,100
338,97
338,96
338,90
338,101
338,95
338,104
0,541
338,87
338,94
338,105
338,102
338,103
338,93
0,540
338,92
338,91
338,70
338,38
338,85
338,86
338,84
338,40
338,39
0,333
266,85
266,81
305,37
263,89
263,88
263,87
0,343
266,2
0,539
0,325
0,330
263,86
266,96
0,338
0,348
0,326
0,344
0,332
0,327
0,537
0,536
0,532
0,531
370,24
370,23
370,22
370,21
370,20
0,529
370,19
370,18
370,17
0,527
370,16
0,526
266,0
0,525
280,2
278,2
280,3
279,2
279,3
279,4
278,3
283,8
283,7
299,5
310,2
277,8
14,27
415,2
14,32
414,2
441,2
440,2
0,489
411,2
410,2
14,36
14,34
407,2
0,524
14,33
406,2
277,6
277,5
277,4
277,3
0,504
403,2
415,5
415,4
415,3
414,5
414,4
14,13
402,2
441,6
441,5
441,4
441,3
295,2
440,6
440,5
440,4
14,12
294,2
411,5
411,4
411,3
14,19
292,2
410,5
410,4
14,10
14,11
293,2
407,5
407,4
407,3
406,5
406,4
403,5
403,4
403,3
402,5
402,4
295,5
294,12
294,11
294,9
294,8
294,7
294,5
293,6
293,5
292,6
292,5
292,4
0,520
0,518
0,517
0,516
0,515
0,513
0,512
0,388
0,383
0,382
0,381
14,14
0,380
0,379
0,378
370,4
370,15
370,14
370,2
370,0
0,471
0,491
0,523
0,521
0,473
269,7
269,8
0,464
0,570
0,556
0,418
0,484
0,569
294,10
294,6
0,386
377,2
265,5
265,2
0,377
0,509
0,497
0,530
0,465
0,376
310,4
310,3
339,7
294,4
294,3
293,4
305,14
0,434
283,3
0,461
299,3
394,3
388,3
398,3
414,3
430,3
426,3
440,3
410,3
406,3
436,3
418,3
402,3
384,3
296,3
295,4
295,3
293,3
292,3
0,500
307,13
307,14
0,375
0,374
0,466
307,5
307,3
307,10
307,4
0,506
263,29
263,84
263,74
0,563
14,7
338,2
328,4
327,3
328,3
328,5
266,78
305,15
305,33
305,25
305,11
305,18
305,21
326,3
305,3
263,21
370,13
370,12
370,11
370,10
370,9
370,8
370,7
370,6
370,5
370,3
285,5
305,23
306,22
305,24
305,26
305,7
306,18
306,19
305,20
275,8
305,6
305,10
275,7
275,6
0,373
265,4
305,16
0,535
339,9
339,6
339,3
339,10
339,8
339,4
339,5
320,5
266,74
266,73
0,533
0,372
0,371
0,370
0,369
338,67
338,68
338,65
338,64
338,69
338,83
0,368
338,35
338,34
338,30
338,33
338,31
338,26
338,29
338,24
338,17
338,25
338,20
338,18
338,16
338,10
0,367
338,21
338,66
338,36
338,73
338,28
338,74
0,366
338,27
338,23
338,72
338,22
338,14
338,76
338,81
338,78
338,77
338,15
338,82
338,79
338,32
0,365
338,80
338,75
338,19
338,13
338,71
338,6
338,8
338,12
0,265
0,261
0,260
0,259
0,258
0,257
0,256
0,255
0,254
0,252
0,251
0,250
0,249
0,247
0,419
0,246
0,487
0,245
0,244
0,387
0,242
0,472
0,553
0,241
0,548
0,240
0,239
0,238
0,237
0,236
0,235
0,234
0,233
0,232
0,231
0,230
0,229
0,228
0,528
0,227
0,226
0,318
0,225
0,224
0,223
0,222
0,221
0,220
0,219
0,218
0,217
0,216
0,215
0,551
0,214
0,213
0,211
0,210
0,209
0,207
0,206
0,205
0,204
0,203
0,202
0,198
0,197
0,196
0,195
0,61
0,60
0,56
0,253
26,34
26,33
26,32
26,31
26,30
26,29
338,11
26,28
26,27
26,26
26,25
26,24
26,23
26,22
26,21
26,20
26,19
26,18
26,17
26,16
26,15
26,14
26,13
26,12
26,11
26,10
26,9
26,8
26,7
26,6
26,5
26,4
26,3
0,6
338,7
338,9
338,37
338,4
338,5
338,3
266,12
266,16
0,432
0,431
0,430
0,429
0,428
0,427
0,426
0,425
0,424
0,423
0,422
0,421
0,511
0,458
0,457
0,456
0,510
0,417
0,416
0,415
0,414
0,413
0,412
0,411
0,410
0,409
0,408
0,407
0,406
0,405
0,404
0,403
306,21
306,24
305,27
305,31
306,20
305,22
305,28
0,402
0,401
0,400
0,399
0,398
0,397
0,396
0,395
0,394
305,13
266,69
266,68
266,95
266,94
266,93
266,72
266,26
266,19
266,18
266,35
266,34
266,65
0,48
0,311
266,13
0,310
305,34
305,9
0,392
305,12
0,305
0,303
305,8
0,301
0,300
0,299
0,298
0,297
305,5
306,17
306,15
306,14
306,13
306,12
306,9
306,8
306,7
306,6
306,25
306,5
306,3
305,19
305,4
0,295
0,294
337,3
270,3
0,293
263,76
263,83
263,75
263,73
263,30
0,269
0,454
0,453
0,451
0,450
0,449
263,85
269,5
269,3
268,3
266,80
266,79
266,77
266,25
266,24
266,31
266,20
0,447
0,446
0,445
0,444
0,443
0,442
0,441
263,72
263,71
263,82
263,69
263,68
263,65
263,64
263,67
263,81
263,80
263,79
263,78
263,77
263,8
0,440
0,439
0,438
0,437
0,436
0,435
263,7
0,248
0,483
377,5
377,4
0,433
377,3
0,212
0,208
0,393
0,201
0,200
0,199
0,503
0,63
0,385
0,292
0,5
0,291
263,18
0,290
0,288
0,287
263,32
0,286
263,11
263,31
266,84
372,3
0,283
0,282
263,26
0,280
0,279
0,277
265,3
263,6
0,2
0,574
0,485
0,534
0,558
0,469
263,5
263,3
0,309
0,307
0,194
0,193
0,522
0,192
0,296
0,499
0,62
266,90
266,88
266,3
0,59
0,58
0,494
0,57
0,289
0,55
0,519
0,285
0,514
0,364
0,51
0,50
0,49
0,281
0,47
0,316
0,46
0,45
0,274
14,26
0,538
0,363
0,315
0,0
0,268
0,267
0,302
0,266
0,452
0,264
0,384
0,263
0,566
0,262
0,448
0,7
0,362
0,361
0,360
0,359
0,358
0,357
